array([[-0.73017008, -1.78447531, -0.15174467,  0.01660604, -0.3893315 ,
        -0.46678555, -0.39122513, -0.39931927, -0.49762862, -0.67534886,
        -0.47606982, -0.39063931, -0.20456068, -0.35069111, -0.32756103,
         0.50015018,  0.36067954],
       [-0.65121444,  0.51808382,  0.24224266,  0.03901242,  0.50039651,
        -0.46678555,  1.06221062,  0.15936716,  1.38951716, -0.67534886,
        -0.47606982,  0.37375564, -0.27327139,  0.0131038 , -0.2796588 ,
         0.04428414,  0.36067954],
       [-0.04321221,  0.51808382, -0.41993839, -0.29307072, -0.45457623,
        -0.44947139, -1.01412545, -0.39931927, -0.91699519, -0.25891333,
        -0.18299798, -0.51133325, -0.41069279, -0.47801089, -0.17593333,
        -0.52555097,  0.36067954],
       [ 1.16410803,  0.51808382, -0.40096824, -0.32982224, -0.3423    ,
         0.80421891, -0.18359002, -0.39931927, -0.2879466 ,  1.8232743 ,
         0.69621752, -0.350408  ,  0.41383563, -0.14385479,  0.17482124,
        -0.52555097,  0.36067954]])
