id          age  hypertension  heart_disease  \
count   5110.000000  5110.000000   5110.000000    5110.000000   
mean   36517.829354    43.226614      0.097456       0.054012   
std    21161.721625    22.612647      0.296607       0.226063   
min       67.000000     0.080000      0.000000       0.000000   
25%    17741.250000    25.000000      0.000000       0.000000   
50%    36932.000000    45.000000      0.000000       0.000000   
75%    54682.000000    61.000000      0.000000       0.000000   
max    72940.000000    82.000000      1.000000       1.000000   

       avg_glucose_level          bmi       stroke  
count        5110.000000  4909.000000  5110.000000  
mean          106.147677    28.893237     0.048728  
std            45.283560     7.854067     0.215320  
min            55.120000    10.300000     0.000000  
25%            77.245000    23.500000     0.000000  
50%            91.885000    28.100000     0.000000  
75%           114.090000    33.100000     0.000000  
max           271.740000    97.600000     1.000000
