id             date     price  bedrooms  bathrooms  \
21608   263000018  20140521T000000  360000.0         3       2.50   
21609  6600060120  20150223T000000  400000.0         4       2.50   
21610  1523300141  20140623T000000  402101.0         2       0.75   
21611   291310100  20150116T000000  400000.0         3       2.50   
21612  1523300157  20141015T000000  325000.0         2       0.75   

       sqft_living  sqft_lot  floors  waterfront  view  ...  grade  \
21608         1530      1131     3.0           0     0  ...      8   
21609         2310      5813     2.0           0     0  ...      8   
21610         1020      1350     2.0           0     0  ...      7   
21611         1600      2388     2.0           0     0  ...      8   
21612         1020      1076     2.0           0     0  ...      7   

       sqft_above  sqft_basement  yr_built  yr_renovated  zipcode      lat  \
21608      1530.0              0      2009             0    98103  47.6993   
21609      2310.0              0      2014             0    98146  47.5107   
21610      1020.0              0      2009             0    98144  47.5944   
21611      1600.0              0      2004             0    98027  47.5345   
21612      1020.0              0      2008             0    98144  47.5941   

          long  sqft_living15  sqft_lot15  
21608 -122.346           1530        1509  
21609 -122.362           1830        7200  
21610 -122.299           1020        2007  
21611 -122.069           1410        1287  
21612 -122.299           1020        1357  

[5 rows x 21 columns]
