     Pclass  Sex   Age  SibSp  Parch      Fare  Embarked
445       1    1   4.0      0      2   81.8583         2
650       3    1  28.0      0      0    7.8958         2
172       3    0   1.0      1      1   11.1333         2
450       2    1  36.0      1      2   27.7500         2
314       2    1  43.0      1      1   26.2500         2
..      ...  ...   ...    ...    ...       ...       ...
106       3    0  21.0      0      0    7.6500         2
270       1    1  28.0      0      0   31.0000         2
860       3    1  41.0      2      0   14.1083         2
435       1    0  14.0      1      2  120.0000         2
102       1    1  21.0      0      1   77.2875         2

[623 rows x 7 columns]