            Pclass       Sex       Age     SibSp     Parch      Fare  \
Pclass    1.000000  0.131900 -0.339898  0.083081  0.018443 -0.549500   
Sex       0.131900  1.000000  0.081163 -0.114631 -0.245489 -0.182333   
Age      -0.339898  0.081163  1.000000 -0.233296 -0.172482  0.096688   
SibSp     0.083081 -0.114631 -0.233296  1.000000  0.414838  0.159651   
Parch     0.018443 -0.245489 -0.172482  0.414838  1.000000  0.216225   
Fare     -0.549500 -0.182333  0.096688  0.159651  0.216225  1.000000   
Embarked  0.162098  0.108262 -0.018754  0.068230  0.039798 -0.224719   
Survived -0.338481 -0.543351 -0.064910 -0.035322  0.081629  0.257307   

          Embarked  Survived  
Pclass    0.162098 -0.338481  
Sex       0.108262 -0.543351  
Age      -0.018754 -0.064910  
SibSp     0.068230 -0.035322  
Parch     0.039798  0.081629  
Fare     -0.224719  0.257307  
Embarked  1.000000 -0.167675  
Survived -0.167675  1.000000  