array([[0.        , 1.        , 0.04498618, ..., 0.33333333, 0.15977676,
        1.        ],
       [1.        , 1.        , 0.34656949, ..., 0.        , 0.01541158,
        1.        ],
       [1.        , 0.        , 0.00728826, ..., 0.16666667, 0.02173075,
        1.        ],
       ...,
       [1.        , 1.        , 0.50992712, ..., 0.        , 0.02753757,
        1.        ],
       [0.        , 0.        , 0.17064589, ..., 0.33333333, 0.2342244 ,
        1.        ],
       [0.        , 1.        , 0.25860769, ..., 0.16666667, 0.15085515,
        1.        ]])
