     Pclass  Sex   Age  SibSp  Parch     Fare  Embarked
0         3    1  22.0      1      0   7.2500         2
1         1    0  38.0      1      0  71.2833         0
2         3    0  26.0      0      0   7.9250         2
3         1    0  35.0      1      0  53.1000         2
4         3    1  35.0      0      0   8.0500         2
..      ...  ...   ...    ...    ...      ...       ...
886       2    1  27.0      0      0  13.0000         2
887       1    0  19.0      0      0  30.0000         2
888       3    0  28.0      1      2  23.4500         2
889       1    1  26.0      0      0  30.0000         0
890       3    1  32.0      0      0   7.7500         1

[891 rows x 7 columns]