coef of determination training  0.6995366840765294
coef of determination testing  0.6990916626806885
coefficient
[-3.43457659e+04  4.02986571e+04 -2.66998150e+03  9.90453754e-02
  5.27465702e+03  5.43879867e+05  5.50631785e+04  2.31133953e+04
  9.48989792e+04  2.85426357e+03  2.82193796e+03 -2.59485979e+03
  2.18992681e+01 -5.56876667e+02  5.95234401e+05 -1.96868938e+05
  1.61752728e+01 -3.30598643e-01]
intercept
6697083.212488894
prediction
[ 458529.94223329  748988.15166255 1243285.18210807 1665136.33624995
  737329.74387254  283236.23732869  831720.86985719  495302.83791252
  385795.83621725  474162.01185866]
real value
[ 365000.  865000. 1038000. 1490000.  711000.  211000.  790000.  680000.
  384500.  605000.]
