array([[ 1.18418048, -1.7467638 , -0.31719928, ..., -0.340693  ,
        -1.64591683, -1.29622579],
       [ 1.18418048, -0.63635252, -0.31719928, ...,  2.26654137,
        -0.78843307,  1.52066342],
       [ 1.18418048,  0.02989425,  3.15259225, ..., -0.32155489,
        -0.30772248,  0.58170035],
       ...,
       [-0.84446587, -1.87290652, -0.31719928, ..., -0.18803315,
        -1.43804198, -1.29622579],
       [ 1.18418048,  1.62888649, -0.31719928, ...,  2.01062472,
         0.27692553, -0.35726272],
       [-0.84446587,  0.11872715, -0.31719928, ..., -0.12416526,
         2.78441591,  1.52066342]])
