array([[-0.51996515,  0.84319693, -0.47367361, ...,  0.5113886 ,
        -0.12492014,  0.61930602],
       [ 0.84319693,  0.84319693,  0.43279185, ..., -0.5113886 ,
        -0.54761005,  0.61930602],
       [ 0.84319693, -0.84319693, -0.5135111 , ...,  0.5113886 ,
        -0.52924195,  0.61930602],
       ...,
       [ 0.84319693,  0.84319693,  0.92298711, ..., -0.5113886 ,
        -0.51236109,  0.61930602],
       [-0.51996515, -0.84319693, -0.14713758, ...,  0.5113886 ,
         0.09139591,  0.61930602],
       [-0.51996515,  0.84319693,  0.16834164, ...,  0.5113886 ,
        -0.15083115,  0.61930602]])