car_ID   symboling   wheelbase   carlength    carwidth   carheight  \
count  205.000000  205.000000  205.000000  205.000000  205.000000  205.000000   
mean   103.000000    0.834146   98.756585  174.049268   65.907805   53.724878   
std     59.322565    1.245307    6.021776   12.337289    2.145204    2.443522   
min      1.000000   -2.000000   86.600000  141.100000   60.300000   47.800000   
25%     52.000000    0.000000   94.500000  166.300000   64.100000   52.000000   
50%    103.000000    1.000000   97.000000  173.200000   65.500000   54.100000   
75%    154.000000    2.000000  102.400000  183.100000   66.900000   55.500000   
max    205.000000    3.000000  120.900000  208.100000   72.300000   59.800000   

        curbweight  enginesize   boreratio      stroke  compressionratio  \
count   205.000000  205.000000  205.000000  205.000000        205.000000   
mean   2555.565854  126.907317    3.329756    3.255415         10.142537   
std     520.680204   41.642693    0.270844    0.313597          3.972040   
min    1488.000000   61.000000    2.540000    2.070000          7.000000   
25%    2145.000000   97.000000    3.150000    3.110000          8.600000   
50%    2414.000000  120.000000    3.310000    3.290000          9.000000   
75%    2935.000000  141.000000    3.580000    3.410000          9.400000   
max    4066.000000  326.000000    3.940000    4.170000         23.000000   

       horsepower      peakrpm     citympg  highwaympg         price  
count  205.000000   205.000000  205.000000  205.000000    205.000000  
mean   104.117073  5125.121951   25.219512   30.751220  13276.710571  
std     39.544167   476.985643    6.542142    6.886443   7988.852332  
min     48.000000  4150.000000   13.000000   16.000000   5118.000000  
25%     70.000000  4800.000000   19.000000   25.000000   7788.000000  
50%     95.000000  5200.000000   24.000000   30.000000  10295.000000  
75%    116.000000  5500.000000   30.000000   34.000000  16503.000000  
max    288.000000  6600.000000   49.000000   54.000000  45400.000000
