car_ID  symboling  wheelbase  carlength  carwidth  \
car_ID            1.000000  -0.151621   0.129729   0.170636  0.052387   
symboling        -0.151621   1.000000  -0.531954  -0.357612 -0.232919   
wheelbase         0.129729  -0.531954   1.000000   0.874587  0.795144   
carlength         0.170636  -0.357612   0.874587   1.000000  0.841118   
carwidth          0.052387  -0.232919   0.795144   0.841118  1.000000   
carheight         0.255960  -0.541038   0.589435   0.491029  0.279210   
curbweight        0.071962  -0.227691   0.776386   0.877728  0.867032   
enginesize       -0.033930  -0.105790   0.569329   0.683360  0.735433   
boreratio         0.260064  -0.130051   0.488750   0.606454  0.559150   
stroke           -0.160824  -0.008735   0.160959   0.129533  0.182942   
compressionratio  0.150276  -0.178515   0.249786   0.158414  0.181129   
horsepower       -0.015006   0.070873   0.353294   0.552623  0.640732   
peakrpm          -0.203789   0.273606  -0.360469  -0.287242 -0.220012   
citympg           0.015940  -0.035823  -0.470414  -0.670909 -0.642704   
highwaympg        0.011255   0.034606  -0.544082  -0.704662 -0.677218   
price            -0.109093  -0.079978   0.577816   0.682920  0.759325   

                  carheight  curbweight  enginesize  boreratio    stroke  \
car_ID             0.255960    0.071962   -0.033930   0.260064 -0.160824   
symboling         -0.541038   -0.227691   -0.105790  -0.130051 -0.008735   
wheelbase          0.589435    0.776386    0.569329   0.488750  0.160959   
carlength          0.491029    0.877728    0.683360   0.606454  0.129533   
carwidth           0.279210    0.867032    0.735433   0.559150  0.182942   
carheight          1.000000    0.295572    0.067149   0.171071 -0.055307   
curbweight         0.295572    1.000000    0.850594   0.648480  0.168790   
enginesize         0.067149    0.850594    1.000000   0.583774  0.203129   
boreratio          0.171071    0.648480    0.583774   1.000000 -0.055909   
stroke            -0.055307    0.168790    0.203129  -0.055909  1.000000   
compressionratio   0.261214    0.151362    0.028971   0.005197  0.186110   
horsepower        -0.108802    0.750739    0.809769   0.573677  0.080940   
peakrpm           -0.320411   -0.266243   -0.244660  -0.254976 -0.067964   
citympg           -0.048640   -0.757414   -0.653658  -0.584532 -0.042145   
highwaympg        -0.107358   -0.797465   -0.677470  -0.587012 -0.043931   
price              0.119336    0.835305    0.874145   0.553173  0.079443   

                  compressionratio  horsepower   peakrpm   citympg  \
car_ID                    0.150276   -0.015006 -0.203789  0.015940   
symboling                -0.178515    0.070873  0.273606 -0.035823   
wheelbase                 0.249786    0.353294 -0.360469 -0.470414   
carlength                 0.158414    0.552623 -0.287242 -0.670909   
carwidth                  0.181129    0.640732 -0.220012 -0.642704   
carheight                 0.261214   -0.108802 -0.320411 -0.048640   
curbweight                0.151362    0.750739 -0.266243 -0.757414   
enginesize                0.028971    0.809769 -0.244660 -0.653658   
boreratio                 0.005197    0.573677 -0.254976 -0.584532   
stroke                    0.186110    0.080940 -0.067964 -0.042145   
compressionratio          1.000000   -0.204326 -0.435741  0.324701   
horsepower               -0.204326    1.000000  0.131073 -0.801456   
peakrpm                  -0.435741    0.131073  1.000000 -0.113544   
citympg                   0.324701   -0.801456 -0.113544  1.000000   
highwaympg                0.265201   -0.770544 -0.054275  0.971337   
price                     0.067984    0.808139 -0.085267 -0.685751   

                  highwaympg     price  
car_ID              0.011255 -0.109093  
symboling           0.034606 -0.079978  
wheelbase          -0.544082  0.577816  
carlength          -0.704662  0.682920  
carwidth           -0.677218  0.759325  
carheight          -0.107358  0.119336  
curbweight         -0.797465  0.835305  
enginesize         -0.677470  0.874145  
boreratio          -0.587012  0.553173  
stroke             -0.043931  0.079443  
compressionratio    0.265201  0.067984  
horsepower         -0.770544  0.808139  
peakrpm            -0.054275 -0.085267  
citympg             0.971337 -0.685751  
highwaympg          1.000000 -0.697599  
price              -0.697599  1.000000
