array([[ 0.52805885,  0.78238176,  1.34839181, ...,  0.29817126,
        -2.30940108, -1.34983269],
       [ 0.52805885, -1.27814841, -0.68951854, ..., -0.58309046,
         0.4330127 , -1.34983269],
       [ 0.52805885,  0.78238176, -0.68951854, ..., -0.58309046,
         0.4330127 ,  1.23330037],
       ...,
       [ 0.52805885,  0.78238176, -0.68951854, ...,  0.29817126,
         0.4330127 , -1.34983269],
       [ 0.52805885,  0.78238176, -0.68951854, ...,  0.29817126,
         0.4330127 , -1.34983269],
       [ 0.52805885, -1.27814841, -0.68951854, ...,  2.0606947 ,
        -2.30940108, -0.05826616]])
