array([[ 23.889999,  23.83    ,  21.959999, ...,  16.110001,  15.8     ,
         17.459999],
       [ 23.83    ,  21.959999,  19.200001, ...,  15.8     ,  17.459999,
         17.4     ],
       [ 21.959999,  19.200001,  16.110001, ...,  17.459999,  17.4     ,
         17.049999],
       ...,
       [510.5     , 547.200012, 569.559998, ..., 564.820007, 558.02002 ,
        566.900024],
       [547.200012, 569.559998, 572.200012, ..., 558.02002 , 566.900024,
        580.98999 ],
       [569.559998, 572.200012, 564.820007, ..., 566.900024, 580.98999 ,
        640.809998]])
