Shape of X_train: (10232, 6)

       bath   balcony       bhk  area_type_Carpet  Area  area_type_Plot  Area  \
0 -0.527444  0.490262 -0.640703               -0.082996             -0.430850   
1  0.229153  1.727342  0.144690               -0.082996             -0.430850   
2  0.229153  1.727342  0.144690               -0.082996             -0.430850   
3  0.985750  1.727342  0.930082               -0.082996              2.320995   
4 -0.527444 -0.746818 -0.640703               -0.082996             -0.430850   

   area_type_Super built-up  Area  
0                        0.734556  
1                        0.734556  
2                        0.734556  
3                       -1.361366  
4                       -1.361366
