coef of determination training  0.9428018897291934
coef of determination testing  0.8946739537167674
coefficient
[ 9.79350457e+01  1.09924813e+01 -7.10721913e+01  5.58571597e+02
  3.37151492e+01  3.33743477e+00  1.31978009e+02 -1.69901995e+03
 -4.32113686e+03  1.67726259e+02  2.59912377e+00  1.85618407e+00
 -1.79577589e+02  1.23434600e+02  3.71201818e+02  1.32480160e+03
  7.41675135e+03  2.24440936e+03  4.15302726e+02 -7.04250331e+02
 -9.08855943e+03 -7.46741417e+02  2.26053350e+03 -1.67882655e+02
 -5.92232857e+03 -1.28979646e+03 -8.36728233e+03 -1.04357768e+04
 -8.63810713e+03  7.63975549e-11 -1.48573779e+04 -1.28979646e+03
  1.40210868e+02  6.38297251e+02 -4.15302726e+02  0.00000000e+00
  6.66764362e+02 -2.04277689e+03 -9.33412007e+02]
intercept
-23387.79716577365
prediction
[28837.72566421 20346.35232838  9917.49442039 13180.75915349
 28440.87341296  5870.50957823  8706.04368778  7681.32013827
 10146.3609631   7693.37925408]
real value
[30760.    17859.167  9549.    11850.    28248.     7799.     7788.
  9258.    10198.     7775.   ]
